%YAML:1.0
rgb_intrinsics: !!opencv-matrix
   rows: 3
   cols: 3
   dt: d
   data: [ 1027, 0, 0, 3.4052, 1029.9, 0, 968, 536.54, 1 ]
inv_depth_intrinsics: !!opencv-matrix
   rows: 3
   cols: 3
   dt: d
   data: [ 0.0027289, 0, -0, -7.1662e-06, 0.0027186, -0, -0.71173, -0.56546, 1 ]
R: !!opencv-matrix
   rows: 4
   cols: 4
   dt: d
   data: [ 0.99998, -0.0062464, 0.0013162, 0, 0.0062361, 0.99997, 0.0046386, 0, -0.0013491, -0.0046356, 0.99999, 0, 50.775, 11.994, -80.412, 1 ]